540614
944106
948974
884592
294398
948473
327673
670703
827000
335784
652970
573005
392985
587772
455055
391915
949177
679758
425899
919514
65476
442027
622196
556483
843259
884436
883827
179104
768208
227199
356263
240993
800621
947892
364354
635848
876525
917041
994282
980973
835042
451399
984569
977915
458541
278522
48381
884721
489833
293221
719865
20897
949793
913300
13987
653301
384885
158696
458724
490341
588889
321495
15771
28642
916213
196201
424826
355695
210470
980988
294887
522722
700284
753121
851965
704424
834939
685052
974728
868254
434170
804424
487276
155384
98246
326033
486911
847870
391296
765848
554762
767978
327355
456178
503629
752491
15359
30058
991096
282469
601065
978618
251250
93871
707784
556854
211926
131028
825313
599233
347121
286610
162508
584438
946117
841470
84981
717665
326793
130782
338749
227299
425894
615405
554998
819121
225276
524155
849898
48533
453563
159595
683284
121644
393194
30643
618469
704486
766404
191295
253921
490762
884214
634030
581632
636783
712642
12979
851437
621028
220991
163830
260042
642793
884727
163568
302698
11475
15336
93843
423414
488812
818851
221119
685641
278257
625392
131022
654196
544530
450504
161769
506778
234933
589721
785105
23989
405492
962533
124663
784367
64506
416484
965092
649065
616170
155325
57266
212984
130649
270193
677553
424931
65518
375537
228835
253927
686441
456675
733184
614387
912889
827233
8339
359852
258532
47961
147419
358314
898276
343982
289771
827386
582372
655285
40266
490490
187751
125433
391156
327551
11649
823928
916983
37298
32572
130980
417783
654318
47028
913251
581610
751396
118747
950223
12860
126840
439542
456822
745389
32418
515807
65499
950030
451245
169697
105971
454472
355291
45535
3498
798677
229311
606093
3356
939620
780002
28276
524124
520057
523231
784371
358384
44331
818918
32761
301938
30821
654077
154188
355505
933861
943066
218341
831470
32704
634347
392913
585439
839676
164782
146738
667600
359349
982521
688124
652797
489336
882547
354072
393209
777707
80825
507653
875850
850531
32762
18354
48107
555116
228795
376805
917480
655333
386484
553847
121153
819025
261109
262136
159208
532402
159744
310763
751604
78827
359246
127995
734964
925477
674664
177628
983020
65020
603530
898994
323315
245727
912870
579545
335475
720306
425600
618365
327085
320783
392179
380643
194450
876289
278251
882431
26347
399207
188394
813563
32658
752599
259044
355319
354295
64089
171938
841571
253916
622568
845762
392935
360441
687604
980853
32732
816409
417507
255488
630672
979963
97227
242683
64453
753586
302393
489109
653170
523173
285678
781711
392097
895952
452509
589756
617680
557025
976814
647112
751984
491292
458685
425710
907113
163127
27644
45055
956788
818814
129869
228322
587967
900977
622537
62415
425709
719329
64956
416979
327379
128983
220838
46447
884732
391149
294395
980440
817894
988882
704484
182777
812803
884298
788412
155244
290553
603052
688020
589797
303074
720099
220656
290536
546796
75502
248583
326637
583674
655071
654663
80867
122721
6304
716495
507882
524268
163753
879987
553848
193529
830731
982971
642965
458682
98216
286308
388958
155477
970745
249566
314854
728868
377479
506860
818992
124918
46514
933767
3479
227308
552429
916988
48519
810941
552448
755433
325537
156978
327652
160548
978938
761834
786155
859636
95740
654839
489206
147317
819108
425855
32764
97753
637794
163773
192938
294818
685821
466813
556669
972265
490924
513923
880362
294649
259966
524229
980983
879445
65459
65453
524287
867950
388096
775160
48562
48014
358127
729049
766962
81840
749116
570870
130999
990533
360186
243562
23756
393072
311276
106338
126384
260555
819052
107776
604022
849761
288616
47003
753541
48369
883680
42493
863705
980913
470249
81827
196576
572297
616397
653568
128958
322804
916968
580091
98217
72162
834988
1965
259438
130745
622559
202660
757674
237039
413112
229346
272305
940753
188005
687614
982251
816927
218536
391874
949586
65390
352213
95531
585718
163813
580854
844205
520673
630759
947565
193971
241649
868090
882692
753295
360442
14773
339907
786411
786068
259695
466793
915388
514507
457718
48558
122856
127615
260492
901052
908395
228292
687717
650993
761075
7587
421834
166719
719555
679930
595692
257843
701425
832964
14002
850671
380404
313326
637759
147252
229274
817137
32470
932822
52461
98202
360364
376764
618735
622091
802476
326498
32723
621559
22452
982487
585698
942058
105462
917437
64438
300671
65464
587755
161762
531432
902132
416654
46504
48394
645112
327139
523745
48574
580583
350015
507898
673713
458167
229288
179921
277733
945361
393145
588732
818670
192372
851426
88898
229237
572274
190885
356223
321144
292753
6555
13732
351944
595788
881132
610293
15178
523247
229082
998250
384887
251134
688056
292079
163260
474991
737003
389028
960890
585195
696303
392957
425522
605525
218211
85419
947668
327485
393073
991204
816952
879224
77795
648568
9130
936444
630733
851939
294905
539572
840698
786426
946943
360366
146905
184308
439749
229256
622571
548539
327621
585464
25891
621548
943086
54246
753613
98011
537317
393164
16195
535532
671711
6525
93177
75771
322427
843219
714708
423582
564927
849897
245372
553462
180150
649706
822247
427382
209854
945942
87808
964794
687948
937379
63460
6576
251881
882169
553383
581499
7377
846550
7341
73203
319475
228555
462834
555716
652212
38204
768867
65131
360100
371811
580604
712615
125807
48039
251199
351877
983006
36858
653262
819162
614374
720601
462488
974767
684017
147448
700385
522495
97020
835584
973179
817143
830207
90879
179814
24553
32719
185215
46938
899721
311151
455986
359329
714598
182260
976766
154877
270272
702441
56289
483553
319340
866188
548776
753141
917364
335822
630262
573398
16213
423927
110243
686675
682719
688064
917370
802449
326649
196600
163834
850793
356282
753664
221110
55269
827249
941870
69557
653254
31038
818157
286419
814625
702422
310715
932830
786300
716771
8042
618490
357206
556993
916736
879358
777981
120739
79448
229268
780758
839564
343806
983037
576505
196342
818678
384874
327602
522095
488438
748516
277281
720342
682663
998981
344058
899555
523496
775932
720485
884604
655243
425006
570879
858081
982902
286576
7032
65505
620484
15981
930676
866274
63202
40358
228842
454653
154418
900781
65384
350944
583659
425065
121676
475051
81782
212950
194540
506867
257746
749506
677615
571361
57842
251600
425714
727028
637626
260057
605253
835003
257862
652998
578155
355964
449826
194743
147453
557008
45587
261888
741095
343972
456269
212422
719593
901114
358842
687046
939896
753446
964602
16366
278491
521713
753629
917410
637646
442362
392235
20473
344034
174512
622492
960382
584699
753529
105216
24207
229297
24345
458209
252912
39804
865628
707578
994584
31524
251892
393205
548861
226556
389118
343362
717735
965933
585134
556644
357364
818611
228073
462289
501745
539520
688008
262133
259941
917369
163580
381679
900550
