3498
6576
7587
11649
13732
13987
14773
15178
15359
15771
16366
23989
24553
28276
28642
30643
31524
32418
32470
32572
32704
32719
32723
32732
32761
32762
32764
36858
39804
40358
46447
46504
46514
46938
47028
47961
48014
48039
48369
48381
48519
48533
48558
48562
48574
54246
55269
57266
62415
63202
63460
64506
64956
65020
65384
65390
65459
65464
65476
65499
65505
65518
72162
73203
81827
93871
95740
97227
97753
98011
98216
98217
98246
120739
121153
121676
122856
124918
125433
128958
128983
130782
130980
130999
131022
131028
146905
147448
147453
154418
155384
158696
159595
159744
161762
161769
162508
163127
163260
163568
163580
163753
163773
163813
163830
163834
182260
184308
188394
193529
194540
194743
196201
196342
196576
196600
212422
212950
221110
225276
227199
227299
227308
228073
228322
228795
228835
228842
229237
229268
229274
229297
229311
229346
251881
252912
253916
253921
253927
257843
259044
259438
260042
260057
261109
261888
262133
262136
272305
278257
278522
285678
286308
286610
290553
293221
294395
294398
294649
294818
294887
294905
311276
313326
314854
319475
321495
322427
323315
325537
326498
326637
326649
327139
327355
327379
327485
327551
327602
327621
327652
327673
335822
339907
343806
343982
344034
344058
347121
351877
352213
354295
355319
355695
355964
356223
356282
358127
358314
358384
359246
359329
359349
360186
360364
360441
360442
376764
384874
384885
389028
389118
391149
391156
391915
392179
392913
392935
392957
393072
393073
393164
393194
393205
393209
405492
417507
417783
421834
423414
423927
424826
424931
425600
425709
425710
425714
425855
425894
425899
439749
442362
450504
456675
457718
458167
458209
458682
458685
458724
462488
466793
474991
475051
486911
488438
489109
489336
490341
490490
506778
506860
507898
520057
520673
522095
522722
523231
523247
523745
524155
524268
524287
539520
540614
548861
554998
555716
556854
556993
557025
579545
580583
580604
580854
581610
581632
583674
584699
585464
585698
585718
587755
587772
589756
589797
606093
614374
614387
616397
618365
618469
618490
620484
621028
621548
621559
622196
622492
622537
622559
622568
622571
630262
630672
630733
630759
634347
636783
645112
647112
652970
652998
653170
653262
653301
654077
654196
654318
654839
655243
655285
655333
670703
671711
679930
684017
685052
685821
687604
687614
687948
688020
688056
688064
688124
696303
702422
704424
704484
704486
714708
716495
716771
719555
719593
719865
720099
720342
727028
733184
745389
748516
752491
752599
753121
753141
753529
753541
753586
753613
753629
753664
761834
767978
768867
777707
784367
784371
785105
786155
786300
786411
786426
800621
816927
817137
817143
817894
818157
818670
818678
818814
818918
819025
819052
819108
819162
827386
843259
847870
849761
849897
849898
850531
850671
851426
851437
851939
851965
867950
868090
876525
879445
880362
882169
882431
884214
884436
884592
884604
884721
884727
884732
898276
900977
901114
902132
907113
912870
912889
913300
916968
916983
916988
917364
917369
917370
917410
917437
917480
933861
939896
942058
944106
945942
946117
947565
947668
947892
948974
949177
950223
960382
962533
964602
970745
973179
974767
978938
980440
980853
980913
980973
980983
980988
982487
982521
982902
982971
983006
983020
983037
